-46 33
22 47
14 -85
-40 -21
54 14
-76 -5
19 -5
-62 6
-35 -57
-62 96
25 79
88 -53
54 -51
-49 -43
93 -43
29 -51
14 15
24 17
19 -29
80 93
14 13
14 -21
88 54
-76 -53
-38 96
22 -8
-49 -29
80 -43
-49 -85
-62 89
-35 89
-40 64
-85 64
80 6
93 14
88 -57
-38 33
-38 47
-92 -43
-76 33
-92 -83
-68 17
69 -49
54 96
47 -49
29 -26
-92 17
-85 -26
-35 -43
69 -5
14 54
14 47
-49 -51
69 89
-68 79
25 64
22 6
-85 33
-85 -85
-92 15
40 17
-92 -5
-46 79
24 -8
-85 17
24 89
47 96
17 -26
-40 -29
69 93
14 79
-35 13
22 14
-76 6
47 -8
47 -43
80 64
-76 13
-49 -53
69 -85
93 -21
29 -83
29 6
40 96
-68 -57
40 -49
88 64
24 -29
24 54
-46 -43
29 54
51 54
88 96
40 13
51 -5
29 -49
-40 -49
69 14
-38 -83
-62 15
