86 12
-20 -76
-24 75
-82 85
96 -69
4 39
19 12
2 -99
23 94
-88 -99
73 47
23 12
-19 -76
86 85
12 -50
-93 -77
92 76
67 48
92 -50
19 -48
95 -79
-51 -65
-90 39
-7 46
43 59
-79 25
-19 17
74 77
-82 -11
4 85
80 85
95 -73
-98 57
23 -47
83 -25
19 -99
45 85
-98 -73
43 75
74 -53
19 57
63 37
-47 -50
-67 -58
12 82
77 37
67 -66
52 -75
-93 93
43 58
92 -65
69 -99
73 59
98 -50
77 -69
10 -50
40 -81
78 -53
63 82
-90 25
73 -23
12 -35
83 -47
-7 -69
-93 -81
-79 70
-64 37
83 52
43 37
-88 -65
-7 93
40 85
19 82
52 -66
4 -53
4 30
-47 -79
4 -79
92 53
2 85
52 -73
-67 53
40 53
95 -98
-22 -51
67 -21
-79 -65
-44 46
-22 -11
95 59
16 46
12 -27
-7 70
-90 17
-79 -11
17 -21
-58 46
28 -73
70 70
74 76
