0 -6 0
-8 -8 7
-7 4 -8
-6 -6 -3
-4 1 -7
-2 -9 6
-7 -8 -3
5 1 0
5 8 -3
-9 -1 0
-6 -9 -8
0 1 -8
-4 1 4
-9 1 -3
-6 -1 -4
6 8 -4
-6 4 -3
-2 1 -3
-3 -9 2
-9 8 -7
-4 -1 3
6 -9 7
-9 -6 -4
-2 -5 7
-9 8 0
-4 -8 -7
0 -1 3
-9 8 -8
-2 5 -3
-7 4 2
-4 -4 7
6 -6 6
6 4 4
6 -5 -7
-4 1 0
-7 8 -3
-8 1 -7
-8 -5 -7
-9 -9 6
-9 4 -8
-2 8 4
-9 -6 -3
5 5 2
-9 -5 -4
0 5 6
-7 -5 7
5 4 0
6 -4 6
-8 8 7
-3 1 -7
-4 4 -8
-4 8 0
-2 -9 2
-7 -5 6
-3 -4 -7
5 -5 6
0 5 -3
-9 -9 0
-3 8 7
-9 4 0
0 -9 4
-4 -5 0
-8 8 -8
-4 -1 -7
-9 1 -8
-9 1 0
-9 4 4
-3 -4 0
-8 5 -4
0 -4 7
5 8 2
0 -5 6
-6 1 2
-6 -4 2
-4 8 -8
6 -8 -7
-8 8 -4
-9 -4 7
-9 1 -7
5 5 -4
-2 1 3
-8 -9 -8
-3 -5 -4
-6 1 6
0 -8 6
-3 -9 4
-2 -4 -4
-6 -6 -4
-2 -6 -3
-6 -6 6
0 4 7
-4 -8 -4
-8 -8 -7
-2 -1 3
-7 -8 -4
-4 -8 4
-7 -1 -3
-6 4 4
5 1 4
-4 4 0
